 par MI SMK SBP ECG
 1   1  0  160  1
 1   0  0  140  0
 2   1  0  160  1
 2   0  0  140  0
 3   1  0  160  0
 3   0  0  140  0
 4   1  0  160  0
 4   0  0  140  0
 5   1  0  160  0
 5   0  0  140  0
 6   1  0  160  0
 6   0  0  140  0
 7   1  0  160  0
 7   0  0  140  0
 8   1  0  160  0
 8   0  0  140  0
 9   1  0  160  0
 9   0  0  140  0
 10  1  0  160  0
 10  0  0  140  0
 11  1  0  120  1
 11  0  0  120  0
 12  1  0  120  0
 12  0  0  120  0
 13  1  0  120  0
 13  0  0  120  0
 14  1  0  140  0
 14  0  0  140  0
 15  1  0  120  1
 15  0  0  140  1
 16  1  0  120  1
 16  0  0  140  1
 17  1  1  160  1
 17  0  0  140  0
 18  1  1  160  1
 18  0  0  140  0
 19  1  1  160  0
 19  0  0  140  1
 20  1  1  160  1
 20  0  0  140  1
 21  1  1  160  0
 21  0  0  140  0
 22  1  1  120  0
 22  0  0  120  0
 23  1  1  140  0
 23  0  0  140  0
 24  1  1  120  0
 24  0  0  140  0
 25  1  1  120  0
 25  0  0  160  0
 26  1  0  120  0
 26  0  1  140  0
 27  1  0  120  0
 27  0  1  120  0
 28  1  0  160  1
 28  0  0  140  0
 29  1  0  160  0
 29  0  0  140  0
 30  1  0  120  0
 30  0  0  140  0
 31  1  0  140  0
 31  0  0  140  0
 32  1  1  160  1
 32  0  1  140  0
 33  1  1  160  1
 33  0  1  140  1
 34  1  1  120  1
 34  0  1  120  1
 35  1  1  160  0
 35  0  0  140  0
 36  1  0  160  1
 36  0  1  140  1
 37  1  0  120  0
 37  0  1  140  0
 38  1  1  160  1
 38  0  1  140  0
 39  1  1  120  0
 39  0  1  120  0
