escol idade gravidez ab_induzido caso ab_espontaneo par
 0  26      6       1    1           2       1
 0  42      1       1    1           0       2
 0  39      6       2    1           0       3
 0  34      4       2    1           0       4
 1  35      3       1    1           1       5
 1  36      4       2    1           1       6
 1  23      1       0    1           0       7
 1  32      2       0    1           0       8
 1  21      1       0    1           1       9
 1  28      2       0    1           0      10
 1  29      2       1    1           0      11
 1  37      4       2    1           1      12
 1  31      1       1    1           0      13
 1  29      3       2    1           0      14
 1  31      2       1    1           1      15
 1  27      2       2    1           0      16
 1  30      5       2    1           1      17
 1  26      1       0    1           1      18
 1  25      3       2    1           1      19
 1  44      1       0    1           1      20
 1  40      1       0    1           1      21
 1  35      2       2    1           0      22
 1  28      2       0    1           2      23
 1  36      1       0    1           1      24
 1  27      2       1    1           1      25
 1  40      2       0    1           2      26
 1  38      2       0    1           2      27
 1  34      3       0    1           2      28
 1  28      4       1    1           2      29
 1  30      4       2    1           0      30
 1  32      1       0    1           1      31
 1  34      2       1    1           0      32
 1  42      1       1    1           0      33
 1  32      2       0    1           2      34
 1  39      1       1    1           0      35
 1  35      2       0    1           2      36
 1  36      1       0    1           1      37
 1  34      3       1    1           2      38
 1  30      3       0    1           0      39
 1  28      1       0    1           1      40
 1  39      3       0    1           2      41
 1  35      1       0    1           0      42
 1  41      1       0    1           0      43
 1  37      2       1    1           1      44      
 2  30      1       0    1           0      45
 2  37      1       1    1           0      46
 2  28      2       0    1           2      47
 2  27      4       2    1           0      48
 2  26      2       2    1           0      49
 2  38      3       0    1           2      50
 2  24      3       1    1           2      51
 2  36      5       1    1           2      52
 2  27      3       1    1           1      53
 2  28      1       0    1           1      54
 2  29      2       0    1           2      55
 2  36      2       0    1           2      56
 2  28      2       1    1           0      57
 2  28      2       0    1           2      58
 2  28      1       0    1           1      59
 2  27      2       0    1           2      60
 2  35      2       0    1           2      61
 2  25      1       0    1           1      62
 2  34      1       0    1           1      63
 2  31      2       0    1           2      64
 2  26      2       1    1           0      65
 2  32      1       0    1           1      66
 2  21      1       0    1           1      67
 2  28      3       1    1           2      68
 2  37      3       0    1           2      69
 2  25      1       1    1           0      70
 2  32      1       1    1           0      71
 2  25      1       0    1           1      72
 2  31      1       0    1           1      73
 2  38      6       0    1           2      74
 2  26      2       0    1           2      75
 2  31      1       0    1           1      76
 2  31      2       0    1           1      77
 2  25      1       1    1           0      78
 2  31      1       0    1           1      79
 2  34      1       0    1           1      80
 2  35      2       2    1           0      81
 2  29      1       0    1           1      82
 2  23      1       0    1           1      83
 0  26      6       2    0           0       1
 0  42      1       0    0           0       2
 0  39      6       2    0           0       3
 0  34      4       0    0           1       4      
 1  35      3       2    0           0       5
 1  36      4       1    0           1       6
 1  23      1       0    0           0       7
 1  32      2       2    0           0       8
 1  21      1       0    0           1       9
 1  28      2       0    0           1      10
 1  29      2       0    0           0      11
 1  37      4       1    0           1      12
 1  31      1       0    0           0      13
 1  29      3       0    0           1      14
 1  31      2       1    0           0      15
 1  27      2       1    0           0      16
 1  30      5       0    0           2      17
 1  26      1       0    0           0      18
 1  25      3       0    0           1      19
 1  44      1       0    0           0      20
 1  40      1       0    0           0      21
 1  35      2       0    0           0      22
 1  28      2       0    0           0      23
 1  36      1       0    0           0      24
 1  27      2       0    0           1      25
 1  40      2       0    0           0      26
 1  38      2       0    0           0      27
 1  34      3       0    0           0      28
 1  28      4       0    0           2      29
 1  30      4       1    0           1      30
 1  32      1       0    0           0      31
 1  34      2       1    0           0      32
 1  42      1       1    0           0      33
 1  32      2       0    0           0      34
 1  39      1       0    0           0      35
 1  35      2       0    0           0      36
 1  36      1       0    0           0      37
 1  34      3       2    0           0      38
 1  30      3       0    0           2      39
 1  28      1       1    0           0      40
 1  39      3       1    0           0      41
 1  35      1       0    0           0      42
 1  41      1       0    0           0      43
 1  37      2       0    0           0      44      
 2  30      1       1    0           0      45
 2  37      1       0    0           0      46
 2  28      2       1    0           0      47
 2  27      4       2    0           1      48
 2  26      2       1    0           0      49
 2  38      3       1    0           0      50
 2  24      3       2    0           1      51
 2  36      5       1    0           1      52
 2  27      3       1    0           1      53
 2  28      1       1    0           0      54
 2  29      2       1    0           0      55
 2  36      2       1    0           0      56
 2  28      2       1    0           1      57
 2  28      2       2    0           0      58
 2  28      1       1    0           0      59
 2  27      2       1    0           0      60
 2  35      2       2    0           0      61
 2  25      1       1    0           0      62
 2  34      1       0    0           0      63
 2  31      2       0    0           0      64
 2  26      2       0    0           1      65
 2  32      1       0    0           0      66
 2  21      1       0    0           1      67
 2  28      3       2    0           0      68
 2  37      3       1    0           1      69
 2  25      1       0    0           0      70
 2  32      1       1    0           0      71
 2  25      1       0    0           0      72
 2  31      1       0    0           1      73
 2  38      6       0    0           2      74      
 2  26      2       0    0           2      75
 2  31      1       0    0           0      76
 2  31      2       2    0           0      77
 2  25      1       0    0           0      78
 2  31      1       0    0           0      79
 2  34      1       0    0           0      80
 2  35      2       0    0           0      81
 2  29      1       0    0           1      82
 2  23      1       0    0           1      83
